9.999987846869237e-01 1.154099562662797e+00
9 10
0 4.200137046663788e+00
1 -5.221678720474958e-01
2 -1.073616965946464e+01
3 -8.133419896243949e+01
4 1.208312361836042e+03
5 -6.243597872196529e+03
6 1.384384307774794e+04
7 -9.020681465671885e+03
8 -7.528380797902364e+03
9 -1.570185504031547e+02
1.000000008541147e+00 6.411000017945648e-01
9 10
0 9.542882349070142e+00
1 5.149721551259019e-02
2 -3.379120970331619e+00
3 6.853103772057108e+01
4 -7.413438390203306e+02
5 4.430869337257389e+03
6 -1.584773775946632e+04
7 3.315000065092612e+04
8 -3.729755147617470e+04
9 1.747612543720136e+04
9.999981719320438e-01 8.140994956825530e-01
9 10
0 9.061656116155687e+00
1 -1.008116733328093e-01
2 1.748350852318760e+00
3 -1.070505322031147e+02
4 1.095969625747080e+03
5 -7.205777059178250e+03
6 3.023918868022299e+04
7 -7.699127194619956e+04
8 1.073085177935839e+05
9 -6.288109723919565e+04