

9.887280000000001e-01 6.722980000000000e-01 9.451850000000001e-01 1.000000000000000e+00  
0 1 1 6.046982185379158e+01
0 1 2 -1.422642013711285e+03
0 1 3 1.059419341072144e+04
0 1 4 -1.029256290361644e+04
0 1 5 -2.585266976008685e+05
0 1 6 1.452849298748994e+06
0 1 7 -3.041070670258717e+06
0 1 8 1.562529433789020e+06
0 1 9 2.434611021290097e+06
0 1 10 -6.409823375414821e+05
0 1 11 -3.159641210128394e+06
0 2 1 -8.208630584733331e+01
0 2 2 6.528258969546569e+03
0 2 3 -8.161349638191247e+04
0 2 4 4.168345121876292e+05
0 2 5 -9.263181295652057e+05
0 2 6 4.878404854301207e+05
0 2 7 8.288659147147971e+05
0 2 8 3.747430751874752e+05
0 2 9 -9.164475692745392e+05
0 2 10 -1.871771381896786e+06
0 3 1 -3.122830448193133e+03
0 3 2 2.190808811249404e+04
0 3 3 -6.812714342708061e+03
0 3 4 -3.764580562912864e+05
0 3 5 1.273214555399776e+06
0 3 6 -1.502605687626186e+06
0 3 7 -8.879778057430778e+05
0 3 8 3.988072489042319e+05
0 3 9 8.374554821182569e+05
0 4 1 1.924993930788471e+04
0 4 2 -1.335010108245186e+05
0 4 3 4.037865705504330e+05
0 4 4 -6.088907592441355e+05
0 4 5 1.828969355133836e+06
0 4 6 -1.031224624444850e+06
0 4 7 7.446706775026924e+05
0 4 8 2.740589453955398e+06
0 5 1 -6.668494182310301e+04
0 5 2 2.640706896025507e+05
0 5 3 -5.245368930538555e+05
0 5 4 -1.356101507439961e+06
0 5 5 -3.702113463200955e+05
0 5 6 -2.135159245737587e+06
0 5 7 2.405924310198730e+05
0 6 1 1.709400075705339e+05
0 6 2 -2.086936261413933e+05
0 6 3 1.446811530758955e+06
0 6 4 2.202769162248960e+06
0 6 5 1.359981349388952e+06
0 6 6 -9.337180608378875e+05
0 7 1 -3.338940936948198e+05
0 7 2 -5.954589544936520e+05
0 7 3 -1.988380968568303e+06
0 7 4 -4.437503407107661e+04
0 7 5 -3.745602552165800e+04
0 8 1 5.072725862118015e+05
0 8 2 1.167768471253490e+06
0 8 3 -7.958790641977966e+05
0 8 4 -1.100543255623554e+06
0 9 1 -3.706766812039709e+05
0 9 2 7.142460514781782e+05
0 9 3 2.064419575357463e+06
0 10 1 -3.550219725027929e+05
0 10 2 -1.727956767678751e+06
0 11 1 5.917517780959698e+05
1 0 1 -9.946829897546190e+00
1 0 2 4.211768372751079e+02
1 0 3 -4.442608066290970e+03
1 0 4 1.280605094872787e+04
1 0 5 5.717189848357732e+04
1 0 6 -4.951046133013280e+05
1 0 7 1.368414464327110e+06
1 0 8 -1.618501388620344e+06
1 0 9 2.527858022941505e+05
1 0 10 9.403567103739238e+05
1 0 11 2.180454373066566e+04
1 1 0 -1.452850586821297e+01
1 1 1 -3.834998964740518e+02
1 1 2 8.903144347288717e+03
1 1 3 -5.700671386034349e+04
1 1 4 1.575045347630724e+05
1 1 5 -3.205938672607684e+05
1 1 6 9.551587124212745e+05
1 1 7 -1.657281587656322e+06
1 1 8 1.060726067263658e+04
1 1 9 1.522728976896470e+06
1 1 10 1.391788970934171e+06
1 2 0 -7.310815252321714e+01
1 2 1 3.952858927732932e+03
1 2 2 -6.251266567172696e+04
1 2 3 3.742808853433172e+05
1 2 4 -7.703401984325182e+05
1 2 5 -3.877997276131927e+05
1 2 6 2.343290839749082e+06
1 2 7 -1.053607167017483e+05
1 2 8 -2.039746813263003e+06
1 2 9 -2.469535969921261e+06
1 3 0 8.082195223000936e+02
1 3 1 -4.231234013747150e+03
1 3 2 4.309288422015019e+04
1 3 3 -4.196647647970642e+05
1 3 4 1.663787742397492e+06
1 3 5 -1.568931673350305e+06
1 3 6 8.443272986138489e+05
1 3 7 2.486161596784143e+05
1 3 8 -8.921321542532406e+05
1 4 0 -2.002798372940651e+03
1 4 1 -5.657628997308327e+04
1 4 2 2.598547463211412e+05
1 4 3 -8.995664603054385e+05
1 4 4 3.623236779917139e+04
1 4 5 -1.962626063115318e+06
1 4 6 -1.585751648415836e+05
1 4 7 2.636316940063196e+05
1 5 0 2.698147977968583e+04
1 5 1 3.276721792379185e+05
1 5 2 -6.636449712363870e+05
1 5 3 2.158804107045508e+06
1 5 4 1.600191597390788e+06
1 5 5 5.545288379535967e+05
1 5 6 1.338317864103408e+06
1 6 0 -1.910946196563899e+05
1 6 1 -8.182623181878522e+05
1 6 2 2.634704148746612e+05
1 6 3 -1.949703862290510e+06
1 6 4 -1.214515213450950e+06
1 6 5 6.487014562917900e+05
1 7 0 5.217910963327761e+05
1 7 1 1.098298581753029e+06
1 7 2 8.356117473041473e+05
1 7 3 -1.829937796750770e+06
1 7 4 -8.552453630807628e+05
1 8 0 -5.959380880040717e+05
1 8 1 -2.955031845257703e+05
1 8 2 -1.187683243976615e+05
1 8 3 2.176385693746364e+06
1 9 0 1.336720591645822e+05
1 9 1 -1.258329254143825e+06
1 9 2 2.312742003704832e+04
1 10 0 3.049591476825704e+05
1 10 1 9.584062252932435e+05
1 11 0 -2.410456708787892e+05
2 0 1 2.983641855731321e+02
2 0 2 -3.978786474568927e+03
2 0 3 3.074010433662182e+04
2 0 4 -1.545830507562459e+05
2 0 5 5.370404183594801e+05
2 0 6 -1.253896337514088e+06
2 0 7 1.683144700237508e+06
2 0 8 -6.758364187114779e+05
2 0 9 -1.605927817681487e+06
2 0 10 -1.520522813903146e+06
2 1 0 4.471662549760301e+01
2 1 1 -3.580800401890241e+03
2 1 2 1.507474697118462e+04
2 1 3 3.907174662163769e+04
2 1 4 -2.693481700854380e+05
2 1 5 7.516353438259806e+05
2 1 6 -1.225418079441955e+06
2 1 7 -9.569864581051882e+05
2 1 8 8.525637801753527e+05
2 1 9 1.733836836941708e+06
2 2 0 2.126564869670377e+03
2 2 1 -9.369964328556469e+03
2 2 2 5.937297849536830e+04
2 2 3 -4.451007498111418e+05
2 2 4 6.692705526755152e+05
2 2 5 7.028732730330135e+04
2 2 6 3.424234721886736e+05
2 2 7 8.138143738142437e+05
2 2 8 1.030384325324339e+06
2 3 0 -1.535756086707974e+04
2 3 1 1.082931280005432e+05
2 3 2 -9.389908224258080e+04
2 3 3 8.335590361691276e+04
2 3 4 -3.983637936990783e+05
2 3 5 -1.301868860839015e+06
2 3 6 7.027038735874797e+05
2 3 7 1.576040224370128e+06
2 4 0 2.243646237749964e+04
2 4 1 -2.308668422480698e+05
2 4 2 4.550437677659309e+05
2 4 3 5.818667987786331e+05
2 4 4 -9.053712681861860e+05
2 4 5 -6.766683712945892e+05
2 4 6 1.137814609216954e+06
2 5 0 1.566727292692325e+04
2 5 1 -1.827283563414349e+04
2 5 2 -7.495933242208030e+05
2 5 3 8.047410777295755e+05
2 5 4 -6.543752316423793e+05
2 5 5 1.421444178226835e+05
2 6 0 2.613181523718690e+05
2 6 1 2.119765313101054e+05
2 6 2 -2.438124438411876e+04
2 6 3 1.008189435095659e+06
2 6 4 -3.701076867557130e+05
2 7 0 -9.460517746218642e+05
2 7 1 3.007732098269038e+05
2 7 2 -4.564964095446985e+05
2 7 3 1.807470804580617e+06
2 8 0 3.594198161120494e+05
2 8 1 -1.962788236200791e+04
2 8 2 -1.628663123165085e+06
2 9 0 1.020074210889977e+06
2 9 1 -5.062306975246296e+04
2 10 0 -5.075332196248689e+05
3 0 1 -3.228081625307312e+03
3 0 2 2.152521132581272e+04
3 0 3 -8.823705303207293e+04
3 0 4 1.109172740869697e+05
3 0 5 8.619371911897635e+04
3 0 6 -1.935880753055612e+05
3 0 7 2.842049621372177e+06
3 0 8 2.128950281203978e+06
3 0 9 9.021964179597151e+05
3 1 0 2.100795490602174e+03
3 1 1 2.961330110231677e+04
3 1 2 -2.114114932374189e+05
3 1 3 2.460956747731858e+05
3 1 4 -3.690214763996037e+03
3 1 5 1.502019639849142e+06
3 1 6 -7.623751550131565e+05
3 1 7 -8.317358687884284e+05
3 1 8 1.560879594092313e+05
3 2 0 -2.197401738805011e+04
3 2 1 -5.134578268426530e+04
3 2 2 3.772016304730727e+05
3 2 3 -4.353603952197013e+04
3 2 4 4.218803854348377e+05
3 2 5 -1.499168548278182e+06
3 2 6 -2.328030771116331e+06
3 2 7 -1.494773800497214e+06
3 3 0 8.709597932022765e+04
3 3 1 -2.045061251641781e+05
3 3 2 -4.721160266570930e+05
3 3 3 5.549693329188445e+05
3 3 4 1.643146238571673e+06
3 3 5 1.254954410616242e+05
3 3 6 7.949782890666997e+04
3 4 0 -2.285188704015507e+05
3 4 1 2.728497353445444e+05
3 4 2 5.203176180849453e+05
3 4 3 -2.162530570219505e+06
3 4 4 -2.947607764732045e+05
3 4 5 3.954388349000770e+05
3 5 0 -7.082188971147643e+04
3 5 1 3.569438045180263e+05
3 5 2 2.421797828417001e+05
3 5 3 -1.376247192139418e+06
3 5 4 1.133181096198983e+05
3 6 0 6.377591954899799e+05
3 6 1 -8.586396447723218e+05
3 6 2 2.592747641203547e+05
3 6 3 4.793382684049206e+05
3 7 0 1.162795307029083e+05
3 7 1 -3.590592963847148e+05
3 7 2 4.015985121432472e+05
3 8 0 -2.921437550425594e+05
3 8 1 9.007135521794865e+05
3 9 0 -1.111758142299893e+06
4 0 1 2.553161666717461e+04
4 0 2 -6.366211911600719e+04
4 0 3 3.066461793925819e+05
4 0 4 -5.034780989458852e+05
4 0 5 -2.104978664628221e+06
4 0 6 -4.517480865229090e+06
4 0 7 -2.684437689405234e+06
4 0 8 -1.406253214345682e+06
4 1 0 -2.480587325000392e+04
4 1 1 -1.887685359267915e+04
4 1 2 6.259959694252970e+05
4 1 3 -6.295886753881626e+05
4 1 4 -1.941367253196082e+06
4 1 5 1.623729272413688e+06
4 1 6 7.858841241497664e+05
4 1 7 2.202520122996013e+05
4 2 0 1.300118457780872e+05
4 2 1 1.206226443208556e+05
4 2 2 -1.048413269416358e+06
4 2 3 -3.196780724016946e+04
4 2 4 2.010700970947813e+05
4 2 5 1.231067380430818e+05
4 2 6 -4.149935082286464e+05
4 3 0 -1.249365076037702e+05
4 3 1 3.680436593741822e+05
4 3 2 -5.010078458939343e+05
4 3 3 4.590293839927140e+05
4 3 4 1.842574543697775e+06
4 3 5 1.296533406745059e+06
4 4 0 6.512191720687511e+05
4 4 1 1.343216191466530e+05
4 4 2 2.871521463876663e+05
4 4 3 -1.187521465032459e+06
4 4 4 7.624617728567175e+05
4 5 0 -7.980823311582324e+05
4 5 1 -2.672588368506918e+05
4 5 2 4.624398405367559e+05
4 5 3 -5.704910592984166e+05
4 6 0 -4.074301673620495e+05
4 6 1 -4.060535623739169e+05
4 6 2 7.091383625176876e+05
4 7 0 5.636477159942462e+05
4 7 1 4.540760161254475e+05
4 8 0 1.245642863138253e+06
5 0 1 -1.737252418517307e+05
5 0 2 5.392151899065416e+04
5 0 3 1.335770149444436e+05
5 0 4 3.967276553321441e+06
5 0 5 6.292206108951157e+06
5 0 6 2.371314377217986e+06
5 0 7 4.213579334243526e+05
5 1 0 1.223013259662886e+05
5 1 1 -3.607177977911863e+05
5 1 2 -7.652949875589826e+05
5 1 3 1.074715995257835e+06
5 1 4 -1.615572467133662e+06
5 1 5 1.301645231483027e+06
5 1 6 1.220365718648851e+06
5 2 0 -4.938935867748703e+05
5 2 1 1.849528580105823e+05
5 2 2 1.313409840423553e+06
5 2 3 6.850866612344586e+05
5 2 4 -6.393558373451848e+05
5 2 5 -1.148056056359181e+05
5 3 0 -2.072090379454791e+05
5 3 1 -3.909889708306442e+05
5 3 2 8.497219039499756e+05
5 3 3 -8.113794499278802e+04
5 3 4 4.426688299390315e+05
5 4 0 -1.785542380938583e+05
5 4 1 6.852247758994476e+04
5 4 2 3.433045734610320e+05
5 4 3 -1.086328507248940e+06
5 5 0 3.896200065762929e+05
5 5 1 -2.623939720527499e+05
5 5 2 2.105742160430569e+05
5 6 0 -6.546034789147982e+05
5 6 1 -5.561804262714278e+05
5 7 0 -8.703657168180854e+05
6 0 1 7.614060524212458e+05
6 0 2 -3.545992264752918e+05
6 0 3 -3.718555990846437e+06
6 0 4 -5.029779702972304e+06
6 0 5 7.286276758666716e+05
6 0 6 9.555996970934109e+05
6 1 0 -2.862313801429391e+05
6 1 1 1.137006455164700e+06
6 1 2 2.700243247782990e+05
6 1 3 1.724473489952630e+06
6 1 4 -2.022402778828121e+06
6 1 5 -1.906036103583805e+05
6 2 0 1.078443252200963e+06
6 2 1 -5.999741131259272e+05
6 2 2 -8.935458355637718e+03
6 2 3 -6.999264291409478e+03
6 2 4 -1.217540626365392e+06
6 3 0 3.717813520457546e+05
6 3 1 -1.090301259115662e+06
6 3 2 -1.382222521090945e+05
6 3 3 -8.161337063722257e+05
6 4 0 3.233286702350804e+04
6 4 1 3.911643178867605e+05
6 4 2 -1.580043167641715e+05
6 5 0 1.386836852834060e+06
6 5 1 2.130781486797897e+05
6 6 0 1.862300523730199e+05
7 0 1 -1.684159055129686e+06
7 0 2 1.686812693999615e+06
7 0 3 2.556687506105978e+06
7 0 4 -4.630401867730506e+06
7 0 5 -1.558058205827790e+06
7 1 0 1.791759333507111e+05
7 1 1 -7.813738698373529e+05
7 1 2 -2.548933645844238e+05
7 1 3 1.908446443904626e+06
7 1 4 -1.351855299907699e+06
7 2 0 -9.097508831012212e+05
7 2 1 -2.705892022277558e+05
7 2 2 -1.297032198200479e+06
7 2 3 -4.691130878259782e+05
7 3 0 5.444223446999616e+04
7 3 1 -7.961499375188259e+04
7 3 2 -6.591015148065711e+05
7 4 0 -8.888923035194394e+05
7 4 1 8.441297152199766e+05
7 5 0 2.868310817440699e+05
8 0 1 1.365714466631417e+06
8 0 2 1.073943527953293e+05
8 0 3 5.604914068734021e+06
8 0 4 -1.720668730626638e+06
8 1 0 4.319098408083349e+05
8 1 1 -9.399466144162035e+05
8 1 2 -1.095768827256737e+06
8 1 3 1.419070914299000e+06
8 2 0 -4.038282644271748e+05
8 2 1 1.535534059161023e+06
8 2 2 -1.217334100412967e+06
8 3 0 1.809951729209571e+05
8 3 1 1.220407750193419e+06
8 4 0 -1.415397989281452e+06
9 0 1 1.106099396088073e+05
9 0 2 -3.102246757312852e+06
9 0 3 4.338839377384009e+06
9 1 0 -4.983396513901614e+05
9 1 1 1.168483020588225e+05
9 1 2 -1.276986784032339e+06
9 2 0 3.806758313297589e+05
9 2 1 2.584668533371988e+06
9 3 0 1.596372111257970e+05
10 0 1 -1.983213466644004e+05
10 0 2 -4.024687591661617e+06
10 1 0 -3.828215249847326e+05
10 1 1 1.156693528895548e+06
10 2 0 6.234108657902218e+05
11 0 1 8.155797951681085e+05
11 1 0 2.945853124932352e+05
